>BCCATTGTBN	1-BCCATTGTBN	5.608614	-2412.204463	0	T:8803.0(31.46%),B:4077.9(14.96%),P:1e-1047	Tpos:50.1,Tstd:26.0,Bpos:49.3,Bstd:30.2,StrandBias:0.0,Multiplicity:1.25
0.122	0.265	0.344	0.269
0.005	0.573	0.178	0.244
0.012	0.591	0.007	0.390
0.694	0.013	0.023	0.270
0.076	0.036	0.001	0.887
0.001	0.001	0.001	0.997
0.248	0.024	0.727	0.001
0.309	0.024	0.171	0.496
0.172	0.243	0.223	0.362
0.245	0.306	0.196	0.253
>NCATTWGCAT	2-NCATTWGCAT	7.496943	-1778.693179	0	T:2932.0(10.48%),B:775.0(2.84%),P:1e-772	Tpos:49.7,Tstd:25.5,Bpos:50.7,Bstd:30.3,StrandBias:-0.0,Multiplicity:1.10
0.184	0.306	0.194	0.316
0.195	0.564	0.162	0.079
0.955	0.043	0.001	0.001
0.040	0.001	0.001	0.958
0.089	0.023	0.001	0.887
0.545	0.001	0.001	0.453
0.250	0.194	0.484	0.072
0.157	0.699	0.001	0.143
0.928	0.001	0.004	0.067
0.036	0.212	0.113	0.639
>SYAGRGGGCG	3-SYAGRGGGCG	7.497455	-1107.847470	0	T:2463.0(8.80%),B:805.8(2.96%),P:1e-481	Tpos:50.3,Tstd:23.7,Bpos:49.9,Bstd:29.2,StrandBias:-0.0,Multiplicity:1.02
0.159	0.348	0.405	0.088
0.177	0.372	0.001	0.449
0.977	0.001	0.021	0.001
0.012	0.001	0.975	0.012
0.437	0.013	0.549	0.001
0.015	0.005	0.695	0.285
0.053	0.002	0.944	0.001
0.051	0.001	0.831	0.117
0.129	0.779	0.018	0.074
0.299	0.013	0.655	0.033
>CCCTCCCCCA	4-CCCTCCCCCA	7.104467	-1028.656032	0	T:1839.0(6.57%),B:511.7(1.88%),P:1e-446	Tpos:49.6,Tstd:24.6,Bpos:51.5,Bstd:29.8,StrandBias:-0.1,Multiplicity:1.07
0.015	0.938	0.015	0.032
0.072	0.914	0.002	0.012
0.129	0.699	0.001	0.171
0.016	0.001	0.008	0.975
0.001	0.997	0.001	0.001
0.003	0.992	0.004	0.001
0.001	0.958	0.012	0.029
0.004	0.994	0.001	0.001
0.007	0.990	0.001	0.002
0.793	0.023	0.047	0.137
>VVSCCWTTAM	5-VVSCCWTTAM	5.260153	-856.578103	0	T:3205.0(11.45%),B:1408.2(5.17%),P:1e-372	Tpos:49.9,Tstd:26.7,Bpos:49.3,Bstd:29.6,StrandBias:-0.0,Multiplicity:1.05
0.223	0.364	0.370	0.043
0.348	0.230	0.265	0.157
0.106	0.365	0.486	0.043
0.055	0.546	0.174	0.225
0.195	0.564	0.001	0.240
0.414	0.002	0.238	0.345
0.113	0.001	0.111	0.775
0.029	0.264	0.008	0.699
0.438	0.287	0.022	0.253
0.403	0.266	0.199	0.132
>SDYTGAWTGG	6-SDYTGAWTGG	5.574404	-735.466391	0	T:4973.0(17.77%),B:2784.1(10.21%),P:1e-319	Tpos:50.5,Tstd:25.9,Bpos:50.4,Bstd:29.7,StrandBias:-0.0,Multiplicity:1.11
0.178	0.360	0.260	0.202
0.249	0.111	0.345	0.295
0.084	0.380	0.225	0.311
0.001	0.007	0.006	0.986
0.233	0.080	0.664	0.023
0.718	0.001	0.084	0.197
0.403	0.104	0.187	0.306
0.221	0.036	0.218	0.525
0.247	0.006	0.715	0.032
0.200	0.156	0.523	0.121
>AAGGTGTGAA	7-AAGGTGTGAA	9.420406	-617.387639	0	T:511.0(1.83%),B:63.9(0.23%),P:1e-268	Tpos:50.0,Tstd:27.7,Bpos:56.2,Bstd:25.4,StrandBias:0.3,Multiplicity:1.01
0.511	0.165	0.289	0.035
0.956	0.001	0.030	0.013
0.001	0.016	0.963	0.020
0.001	0.001	0.997	0.001
0.001	0.051	0.001	0.947
0.001	0.001	0.997	0.001
0.032	0.011	0.001	0.956
0.014	0.001	0.929	0.056
0.991	0.007	0.001	0.001
0.962	0.001	0.016	0.021
>CCACTAGGTG	8-CCACTAGGTG	7.262239	-501.080429	0	T:845.0(3.02%),B:222.8(0.82%),P:1e-217	Tpos:48.9,Tstd:24.7,Bpos:49.1,Bstd:27.0,StrandBias:-0.3,Multiplicity:1.01
0.021	0.977	0.001	0.001
0.001	0.997	0.001	0.001
0.941	0.038	0.020	0.001
0.001	0.918	0.060	0.021
0.031	0.030	0.051	0.888
0.963	0.009	0.001	0.027
0.001	0.001	0.984	0.014
0.285	0.001	0.705	0.009
0.078	0.001	0.198	0.723
0.001	0.001	0.997	0.001
>TGACGTCACC	9-TGACGTCACC	7.969920	-497.500219	0	T:1166.0(4.17%),B:389.2(1.43%),P:1e-216	Tpos:49.6,Tstd:23.8,Bpos:49.1,Bstd:31.0,StrandBias:0.1,Multiplicity:1.02
0.062	0.073	0.021	0.844
0.039	0.023	0.879	0.059
0.879	0.013	0.060	0.048
0.020	0.931	0.014	0.035
0.093	0.013	0.871	0.023
0.046	0.140	0.007	0.807
0.072	0.866	0.031	0.031
0.869	0.024	0.079	0.028
0.050	0.599	0.094	0.257
0.183	0.455	0.173	0.189
>TGCATAWGAA	10-TGCATAWGAA	9.329439	-444.628334	0	T:498.0(1.78%),B:89.8(0.33%),P:1e-193	Tpos:50.3,Tstd:25.9,Bpos:44.7,Bstd:25.5,StrandBias:0.0,Multiplicity:1.03
0.359	0.020	0.012	0.609
0.151	0.001	0.847	0.001
0.001	0.960	0.001	0.038
0.997	0.001	0.001	0.001
0.046	0.001	0.001	0.952
0.776	0.001	0.189	0.034
0.413	0.001	0.028	0.558
0.058	0.118	0.733	0.091
0.953	0.027	0.001	0.019
0.955	0.001	0.043	0.001
>CGGCTCTTTG	11-CGGCTCTTTG	5.458663	-358.943614	0	T:4253.0(15.20%),B:2749.5(10.09%),P:1e-155	Tpos:50.1,Tstd:26.8,Bpos:49.9,Bstd:28.7,StrandBias:0.0,Multiplicity:1.07
0.102	0.661	0.128	0.109
0.109	0.093	0.661	0.137
0.074	0.120	0.695	0.111
0.053	0.790	0.088	0.069
0.063	0.077	0.138	0.722
0.071	0.699	0.129	0.101
0.082	0.076	0.076	0.766
0.068	0.132	0.174	0.626
0.071	0.099	0.067	0.763
0.124	0.115	0.617	0.144
>CTCATTAGGC	12-CTCATTAGGC	10.902335	-223.483693	0	T:91.0(0.33%),B:3.6(0.01%),P:1e-97	Tpos:55.0,Tstd:23.0,Bpos:46.2,Bstd:12.5,StrandBias:-0.5,Multiplicity:1.38
0.001	0.746	0.010	0.243
0.242	0.001	0.001	0.756
0.001	0.997	0.001	0.001
0.872	0.001	0.019	0.108
0.019	0.010	0.001	0.970
0.001	0.001	0.242	0.756
0.997	0.001	0.001	0.001
0.001	0.273	0.450	0.276
0.010	0.001	0.667	0.322
0.001	0.997	0.001	0.001
>GCGCGCNNNB	13-GCGCGCNNNB	5.265934	-211.127363	0	T:2098.0(7.50%),B:1283.6(4.71%),P:1e-91	Tpos:50.6,Tstd:25.3,Bpos:48.8,Bstd:35.1,StrandBias:-0.0,Multiplicity:1.75
0.206	0.189	0.496	0.109
0.205	0.544	0.158	0.093
0.001	0.001	0.860	0.138
0.001	0.930	0.039	0.030
0.076	0.136	0.537	0.251
0.082	0.512	0.227	0.179
0.238	0.231	0.251	0.279
0.175	0.272	0.302	0.251
0.183	0.322	0.224	0.271
0.156	0.268	0.270	0.307
>GGGWTAGAAC	14-GGGWTAGAAC	8.880874	-163.828715	0	T:221.0(0.79%),B:48.6(0.18%),P:1e-71	Tpos:49.9,Tstd:24.8,Bpos:49.1,Bstd:24.2,StrandBias:-0.0,Multiplicity:1.00
0.039	0.097	0.863	0.001
0.135	0.033	0.820	0.012
0.162	0.037	0.800	0.001
0.508	0.038	0.053	0.401
0.001	0.053	0.060	0.886
0.566	0.339	0.001	0.094
0.001	0.001	0.996	0.002
0.972	0.007	0.009	0.012
0.845	0.026	0.102	0.027
0.027	0.747	0.004	0.222
>TCTCGCGATA	15-TCTCGCGATA	8.173009	-161.215549	0	T:64.0(0.23%),B:2.4(0.01%),P:1e-70	Tpos:49.2,Tstd:21.7,Bpos:11.1,Bstd:3.6,StrandBias:0.0,Multiplicity:1.00
0.011	0.001	0.004	0.984
0.033	0.965	0.001	0.001
0.011	0.004	0.001	0.984
0.001	0.995	0.001	0.003
0.003	0.001	0.995	0.001
0.001	0.991	0.004	0.004
0.003	0.001	0.995	0.001
0.974	0.004	0.021	0.001
0.003	0.001	0.001	0.995
0.931	0.034	0.001	0.034
>CATTAGCCAG	16-CATTAGCCAG	9.729526	-150.472576	0	T:108.0(0.39%),B:11.5(0.04%),P:1e-65	Tpos:49.7,Tstd:20.7,Bpos:53.1,Bstd:17.7,StrandBias:0.1,Multiplicity:1.00
0.021	0.977	0.001	0.001
0.990	0.002	0.007	0.001
0.001	0.001	0.001	0.997
0.001	0.001	0.001	0.997
0.997	0.001	0.001	0.001
0.001	0.001	0.958	0.040
0.001	0.837	0.161	0.001
0.001	0.997	0.001	0.001
0.996	0.002	0.001	0.001
0.001	0.021	0.977	0.001
>TTCAGCACCA	17-TTCAGCACCA	10.296193	-140.322798	0	T:87.0(0.31%),B:7.9(0.03%),P:1e-60	Tpos:47.5,Tstd:23.5,Bpos:51.3,Bstd:26.5,StrandBias:-0.0,Multiplicity:1.01
0.100	0.100	0.100	0.700
0.100	0.100	0.100	0.700
0.100	0.700	0.100	0.100
0.700	0.100	0.100	0.100
0.100	0.100	0.700	0.100
0.100	0.700	0.100	0.100
0.700	0.100	0.100	0.100
0.100	0.700	0.100	0.100
0.100	0.700	0.100	0.100
0.700	0.100	0.100	0.100
>TTCTTCTTCG	18-TTCTTCTTCG	9.319346	-129.494774	0	T:271.0(0.97%),B:84.7(0.31%),P:1e-56	Tpos:49.3,Tstd:25.5,Bpos:52.3,Bstd:29.1,StrandBias:0.0,Multiplicity:1.04
0.001	0.012	0.004	0.983
0.166	0.052	0.001	0.781
0.001	0.952	0.004	0.043
0.001	0.001	0.001	0.997
0.001	0.051	0.001	0.947
0.001	0.924	0.023	0.052
0.001	0.037	0.213	0.749
0.171	0.063	0.001	0.765
0.001	0.741	0.001	0.257
0.001	0.001	0.618	0.380
>GGGAAATGTA	19-GGGAAATGTA	10.377666	-123.200008	0	T:92.0(0.33%),B:10.5(0.04%),P:1e-53	Tpos:49.9,Tstd:26.1,Bpos:56.9,Bstd:31.6,StrandBias:0.0,Multiplicity:1.00
0.001	0.001	0.997	0.001
0.001	0.001	0.997	0.001
0.001	0.001	0.997	0.001
0.804	0.001	0.001	0.194
0.943	0.007	0.001	0.049
0.928	0.001	0.001	0.070
0.001	0.001	0.135	0.863
0.012	0.001	0.986	0.001
0.001	0.001	0.001	0.997
0.997	0.001	0.001	0.001
>TGTGACTCAC	20-TGTGACTCAC	10.263310	-118.869813	0	T:64.0(0.23%),B:4.6(0.02%),P:1e-51	Tpos:53.6,Tstd:22.1,Bpos:55.4,Bstd:2.2,StrandBias:-0.1,Multiplicity:1.00
0.001	0.001	0.001	0.997
0.031	0.001	0.967	0.001
0.001	0.001	0.001	0.997
0.001	0.001	0.997	0.001
0.997	0.001	0.001	0.001
0.001	0.905	0.093	0.001
0.001	0.001	0.001	0.997
0.003	0.995	0.001	0.001
0.997	0.001	0.001	0.001
0.001	0.997	0.001	0.001
>TCGAGTCTTT	21-TCGAGTCTTT	11.058372	-109.530720	0	T:55.0(0.20%),B:3.9(0.01%),P:1e-47	Tpos:72.3,Tstd:21.6,Bpos:69.4,Bstd:3.9,StrandBias:3.0,Multiplicity:1.04
0.001	0.001	0.001	0.997
0.139	0.859	0.001	0.001
0.001	0.001	0.997	0.001
0.997	0.001	0.001	0.001
0.223	0.001	0.775	0.001
0.406	0.001	0.001	0.592
0.139	0.859	0.001	0.001
0.139	0.001	0.001	0.859
0.050	0.001	0.001	0.948
0.001	0.228	0.001	0.770
>GCATHGTAAT	22-GCATHGTAAT	9.911629	-108.053572	0	T:85.0(0.30%),B:10.2(0.04%),P:1e-46	Tpos:51.1,Tstd:29.0,Bpos:64.9,Bstd:2.6,StrandBias:-0.5,Multiplicity:1.02
0.125	0.001	0.873	0.001
0.001	0.935	0.063	0.001
0.997	0.001	0.001	0.001
0.001	0.001	0.001	0.997
0.382	0.340	0.001	0.277
0.001	0.001	0.997	0.001
0.001	0.001	0.123	0.875
0.936	0.001	0.001	0.062
0.598	0.400	0.001	0.001
0.001	0.001	0.001	0.997
>CTAAACAAAG	23-CTAAACAAAG	7.842228	-105.998427	0	T:94.0(0.34%),B:13.5(0.05%),P:1e-46	Tpos:47.9,Tstd:25.9,Bpos:51.6,Bstd:17.0,StrandBias:0.2,Multiplicity:1.00
0.001	0.997	0.001	0.001
0.001	0.001	0.001	0.997
0.997	0.001	0.001	0.001
0.997	0.001	0.001	0.001
0.997	0.001	0.001	0.001
0.001	0.829	0.169	0.001
0.995	0.001	0.003	0.001
0.997	0.001	0.001	0.001
0.997	0.001	0.001	0.001
0.001	0.001	0.997	0.001
>AATGCTTTGC	24-AATGCTTTGC	10.296193	-81.546527	0	T:45.0(0.16%),B:3.7(0.01%),P:1e-35	Tpos:49.1,Tstd:22.8,Bpos:38.1,Bstd:29.2,StrandBias:0.9,Multiplicity:1.00
0.700	0.100	0.100	0.100
0.700	0.100	0.100	0.100
0.100	0.100	0.100	0.700
0.100	0.100	0.700	0.100
0.100	0.700	0.100	0.100
0.100	0.100	0.100	0.700
0.100	0.100	0.100	0.700
0.100	0.100	0.100	0.700
0.100	0.100	0.700	0.100
0.100	0.700	0.100	0.100
>GGAAAGTGGG	25-GGAAAGTGGG	7.842228	-73.772848	0	T:71.0(0.25%),B:11.0(0.04%),P:1e-32	Tpos:49.2,Tstd:23.8,Bpos:56.8,Bstd:25.2,StrandBias:0.7,Multiplicity:1.01
0.001	0.001	0.997	0.001
0.001	0.001	0.997	0.001
0.997	0.001	0.001	0.001
0.997	0.001	0.001	0.001
0.997	0.001	0.001	0.001
0.001	0.001	0.997	0.001
0.001	0.169	0.001	0.829
0.001	0.003	0.995	0.001
0.001	0.001	0.997	0.001
0.001	0.001	0.997	0.001
