>CCATTARCAT	1-CCATTARCAT	5.232005	-2077.258997	0	T:9881.0(35.31%),B:5170.6(18.94%),P:1e-902	Tpos:50.7,Tstd:26.0,Bpos:49.9,Bstd:31.1,StrandBias:0.0,Multiplicity:1.29
0.091	0.632	0.049	0.228
0.254	0.698	0.008	0.040
0.992	0.001	0.001	0.006
0.116	0.001	0.001	0.882
0.001	0.187	0.004	0.808
0.541	0.049	0.228	0.182
0.308	0.159	0.404	0.128
0.223	0.470	0.145	0.162
0.456	0.235	0.203	0.106
0.218	0.203	0.184	0.395
>CYWTTGTYHD	2-CYWTTGTYHD	6.700980	-1612.532772	0	T:3402.0(12.16%),B:1088.6(3.99%),P:1e-700	Tpos:50.3,Tstd:26.1,Bpos:48.9,Bstd:29.5,StrandBias:-0.0,Multiplicity:1.08
0.030	0.645	0.176	0.149
0.044	0.491	0.025	0.441
0.518	0.028	0.028	0.426
0.008	0.035	0.018	0.939
0.001	0.001	0.001	0.997
0.077	0.043	0.879	0.001
0.112	0.044	0.135	0.709
0.042	0.412	0.128	0.417
0.298	0.280	0.124	0.299
0.303	0.147	0.237	0.313
>BATTTGCATA	3-BATTTGCATA	8.104727	-1588.280696	0	T:1974.0(7.05%),B:400.6(1.47%),P:1e-689	Tpos:50.7,Tstd:26.4,Bpos:51.2,Bstd:31.0,StrandBias:-0.1,Multiplicity:1.02
0.135	0.356	0.263	0.247
0.647	0.051	0.128	0.174
0.001	0.001	0.010	0.988
0.191	0.082	0.001	0.726
0.394	0.001	0.001	0.604
0.214	0.155	0.630	0.001
0.217	0.781	0.001	0.001
0.993	0.001	0.001	0.005
0.001	0.017	0.001	0.981
0.670	0.066	0.119	0.145
>CCAATCARNG	4-CCAATCARNG	5.876928	-1144.839618	0	T:6726.0(24.03%),B:3663.4(13.42%),P:1e-497	Tpos:50.4,Tstd:25.5,Bpos:49.9,Bstd:31.9,StrandBias:-0.0,Multiplicity:1.14
0.137	0.490	0.129	0.243
0.001	0.928	0.002	0.069
0.691	0.223	0.004	0.082
0.637	0.080	0.027	0.256
0.138	0.003	0.001	0.858
0.077	0.623	0.296	0.004
0.880	0.010	0.109	0.001
0.388	0.183	0.363	0.067
0.305	0.242	0.208	0.245
0.186	0.169	0.524	0.121
>TTAATAGCCC	5-TTAATAGCCC	6.081080	-1068.369098	0	T:3473.0(12.41%),B:1432.1(5.24%),P:1e-463	Tpos:48.9,Tstd:26.9,Bpos:50.1,Bstd:30.4,StrandBias:-0.1,Multiplicity:1.08
0.123	0.270	0.042	0.565
0.209	0.054	0.119	0.618
0.672	0.073	0.207	0.048
0.967	0.011	0.006	0.016
0.094	0.290	0.146	0.470
0.695	0.062	0.176	0.067
0.011	0.035	0.944	0.010
0.033	0.798	0.112	0.057
0.053	0.567	0.039	0.341
0.109	0.710	0.115	0.066
>GGGHGGGGCB	6-GGGHGGGGCB	6.742533	-1008.858341	0	T:4845.0(17.31%),B:2409.1(8.82%),P:1e-438	Tpos:50.2,Tstd:26.0,Bpos:49.8,Bstd:30.3,StrandBias:0.0,Multiplicity:1.15
0.415	0.001	0.583	0.001
0.001	0.001	0.997	0.001
0.001	0.001	0.997	0.001
0.325	0.405	0.001	0.270
0.009	0.001	0.989	0.001
0.028	0.047	0.567	0.358
0.279	0.073	0.552	0.096
0.254	0.012	0.541	0.193
0.229	0.507	0.001	0.263
0.143	0.271	0.225	0.360
>MCCWCCCCCM	7-MCCWCCCCCM	7.449964	-995.268409	0	T:2234.0(7.98%),B:734.9(2.69%),P:1e-432	Tpos:49.8,Tstd:25.2,Bpos:51.5,Bstd:29.8,StrandBias:-0.1,Multiplicity:1.13
0.488	0.408	0.001	0.104
0.164	0.678	0.127	0.031
0.136	0.764	0.001	0.099
0.553	0.001	0.001	0.445
0.152	0.709	0.018	0.121
0.190	0.765	0.034	0.011
0.028	0.941	0.018	0.013
0.001	0.997	0.001	0.001
0.070	0.845	0.001	0.084
0.313	0.431	0.096	0.160
>MAGGTGTGAA	8-MAGGTGTGAA	8.515758	-945.078324	0	T:1128.0(4.03%),B:217.1(0.80%),P:1e-410	Tpos:51.1,Tstd:26.5,Bpos:51.7,Bstd:27.9,StrandBias:0.2,Multiplicity:1.05
0.416	0.319	0.167	0.099
0.817	0.008	0.113	0.062
0.079	0.038	0.806	0.077
0.001	0.001	0.997	0.001
0.040	0.128	0.001	0.831
0.001	0.001	0.997	0.001
0.068	0.001	0.001	0.930
0.027	0.001	0.809	0.163
0.983	0.001	0.001	0.015
0.787	0.178	0.001	0.034
>CHAGAGGGCG	9-CHAGAGGGCG	7.177678	-712.121238	0	T:2087.0(7.46%),B:803.5(2.94%),P:1e-309	Tpos:50.3,Tstd:25.6,Bpos:49.7,Bstd:28.6,StrandBias:-0.1,Multiplicity:1.04
0.179	0.504	0.266	0.051
0.277	0.278	0.032	0.414
0.940	0.010	0.004	0.046
0.002	0.047	0.950	0.001
0.550	0.012	0.389	0.049
0.071	0.067	0.518	0.344
0.001	0.044	0.954	0.001
0.029	0.001	0.832	0.138
0.118	0.758	0.080	0.044
0.164	0.001	0.676	0.159
>VGTGACGTCA	10-VGTGACGTCA	7.769907	-470.571955	0	T:1352.0(4.83%),B:511.6(1.87%),P:1e-204	Tpos:49.0,Tstd:23.2,Bpos:50.2,Bstd:32.0,StrandBias:0.0,Multiplicity:1.03
0.224	0.373	0.240	0.163
0.225	0.144	0.554	0.077
0.043	0.060	0.016	0.881
0.018	0.061	0.857	0.064
0.909	0.018	0.024	0.049
0.018	0.908	0.016	0.058
0.068	0.017	0.889	0.026
0.046	0.033	0.026	0.895
0.072	0.845	0.040	0.043
0.890	0.013	0.068	0.029
>GGKCGTTGTC	11-GGKCGTTGTC	10.825241	-437.110129	0	T:116.0(0.41%),B:2.0(0.01%),P:1e-189	Tpos:51.5,Tstd:17.8,Bpos:52.1,Bstd:27.7,StrandBias:0.1,Multiplicity:1.01
0.001	0.001	0.997	0.001
0.001	0.001	0.997	0.001
0.001	0.001	0.473	0.525
0.001	0.997	0.001	0.001
0.001	0.001	0.639	0.359
0.001	0.001	0.001	0.997
0.001	0.001	0.001	0.997
0.001	0.001	0.997	0.001
0.162	0.001	0.001	0.836
0.001	0.997	0.001	0.001
>CTATTGGCTG	12-CTATTGGCTG	9.803543	-394.431100	0	T:715.0(2.55%),B:199.9(0.73%),P:1e-171	Tpos:47.7,Tstd:26.9,Bpos:51.3,Bstd:28.7,StrandBias:0.0,Multiplicity:1.02
0.001	0.743	0.098	0.158
0.001	0.001	0.256	0.742
0.912	0.001	0.001	0.086
0.001	0.103	0.001	0.895
0.169	0.001	0.001	0.829
0.001	0.001	0.997	0.001
0.120	0.058	0.821	0.001
0.001	0.997	0.001	0.001
0.001	0.119	0.001	0.879
0.081	0.001	0.917	0.001
>TGCATAATGA	13-TGCATAATGA	10.296193	-294.164078	0	T:100.0(0.36%),B:2.2(0.01%),P:1e-127	Tpos:55.7,Tstd:21.4,Bpos:34.4,Bstd:24.0,StrandBias:0.2,Multiplicity:1.47
0.100	0.100	0.100	0.700
0.100	0.100	0.700	0.100
0.100	0.700	0.100	0.100
0.700	0.100	0.100	0.100
0.100	0.100	0.100	0.700
0.700	0.100	0.100	0.100
0.700	0.100	0.100	0.100
0.100	0.100	0.100	0.700
0.100	0.100	0.700	0.100
0.700	0.100	0.100	0.100
>SAGCGCGCGC	14-SAGCGCGCGC	7.111798	-196.776437	0	T:1712.0(6.12%),B:1010.3(3.70%),P:1e-85	Tpos:50.5,Tstd:25.6,Bpos:48.7,Bstd:33.3,StrandBias:0.0,Multiplicity:1.17
0.163	0.351	0.404	0.082
0.387	0.208	0.183	0.222
0.001	0.206	0.728	0.065
0.189	0.646	0.126	0.039
0.010	0.001	0.790	0.199
0.001	0.997	0.001	0.001
0.012	0.001	0.931	0.056
0.172	0.698	0.001	0.129
0.009	0.001	0.989	0.001
0.122	0.538	0.110	0.230
>TGTAAAGCAA	15-TGTAAAGCAA	13.812633	-180.094032	0	T:58.0(0.21%),B:1.7(0.01%),P:1e-78	Tpos:47.1,Tstd:25.6,Bpos:94.0,Bstd:0.0,StrandBias:-0.2,Multiplicity:1.00
0.001	0.001	0.001	0.997
0.001	0.001	0.997	0.001
0.001	0.001	0.001	0.997
0.997	0.001	0.001	0.001
0.997	0.001	0.001	0.001
0.997	0.001	0.001	0.001
0.001	0.001	0.997	0.001
0.001	0.997	0.001	0.001
0.977	0.001	0.021	0.001
0.997	0.001	0.001	0.001
>AATATTCATG	16-AATATTCATG	9.563112	-178.136666	0	T:156.0(0.56%),B:21.5(0.08%),P:1e-77	Tpos:49.0,Tstd:26.2,Bpos:50.8,Bstd:27.7,StrandBias:-0.2,Multiplicity:1.14
0.979	0.001	0.019	0.001
0.951	0.028	0.020	0.001
0.001	0.001	0.006	0.992
0.997	0.001	0.001	0.001
0.001	0.001	0.001	0.997
0.001	0.001	0.001	0.997
0.006	0.956	0.001	0.037
0.997	0.001	0.001	0.001
0.001	0.006	0.001	0.992
0.190	0.001	0.808	0.001
>TCTCGCGATA	17-TCTCGCGATA	9.104904	-150.203118	0	T:86.0(0.31%),B:6.2(0.02%),P:1e-65	Tpos:48.6,Tstd:24.4,Bpos:55.9,Bstd:32.3,StrandBias:0.1,Multiplicity:1.09
0.002	0.001	0.001	0.996
0.015	0.982	0.002	0.001
0.001	0.001	0.001	0.997
0.001	0.997	0.001	0.001
0.002	0.001	0.996	0.001
0.001	0.997	0.001	0.001
0.001	0.001	0.997	0.001
0.965	0.003	0.024	0.008
0.001	0.001	0.338	0.660
0.984	0.001	0.001	0.014
>GCAAATCACY	18-GCAAATCACY	8.216089	-135.991300	0	T:134.0(0.48%),B:21.1(0.08%),P:1e-59	Tpos:50.3,Tstd:26.1,Bpos:53.7,Bstd:29.0,StrandBias:0.2,Multiplicity:1.03
0.048	0.297	0.554	0.101
0.146	0.512	0.070	0.272
0.505	0.147	0.083	0.265
0.748	0.235	0.001	0.016
0.551	0.053	0.234	0.162
0.001	0.053	0.006	0.940
0.052	0.719	0.013	0.216
0.656	0.062	0.101	0.181
0.066	0.842	0.088	0.004
0.205	0.377	0.159	0.258
>GAGGGCGCTG	19-GAGGGCGCTG	9.274590	-132.224038	0	T:88.0(0.31%),B:8.4(0.03%),P:1e-57	Tpos:49.5,Tstd:25.7,Bpos:33.5,Bstd:0.7,StrandBias:0.1,Multiplicity:1.00
0.001	0.011	0.977	0.011
0.997	0.001	0.001	0.001
0.001	0.001	0.997	0.001
0.001	0.001	0.997	0.001
0.001	0.001	0.997	0.001
0.001	0.997	0.001	0.001
0.001	0.001	0.997	0.001
0.001	0.997	0.001	0.001
0.001	0.001	0.001	0.997
0.001	0.001	0.947	0.051
>TGCGCATGCG	20-TGCGCATGCG	10.008062	-131.097432	0	T:220.0(0.79%),B:58.4(0.21%),P:1e-56	Tpos:48.4,Tstd:23.7,Bpos:50.7,Bstd:27.6,StrandBias:-0.0,Multiplicity:1.01
0.148	0.170	0.027	0.655
0.039	0.001	0.959	0.001
0.001	0.997	0.001	0.001
0.042	0.005	0.938	0.015
0.004	0.975	0.020	0.001
0.955	0.034	0.010	0.001
0.001	0.001	0.055	0.943
0.014	0.001	0.984	0.001
0.013	0.946	0.001	0.040
0.001	0.001	0.985	0.013
>TCGAGTCTTC	21-TCGAGTCTTC	7.779456	-121.092231	0	T:52.0(0.19%),B:2.9(0.01%),P:1e-52	Tpos:71.3,Tstd:23.0,Bpos:58.9,Bstd:3.5,StrandBias:2.3,Multiplicity:1.02
0.001	0.001	0.001	0.997
0.001	0.997	0.001	0.001
0.001	0.001	0.997	0.001
0.997	0.001	0.001	0.001
0.001	0.001	0.994	0.004
0.001	0.001	0.235	0.763
0.001	0.997	0.001	0.001
0.001	0.001	0.001	0.997
0.001	0.001	0.001	0.997
0.235	0.763	0.001	0.001
>AGCAGGGTGT	22-AGCAGGGTGT	8.026759	-102.251453	0	T:75.0(0.27%),B:8.1(0.03%),P:1e-44	Tpos:47.8,Tstd:27.3,Bpos:53.9,Bstd:9.7,StrandBias:0.3,Multiplicity:1.00
0.997	0.001	0.001	0.001
0.001	0.001	0.997	0.001
0.001	0.997	0.001	0.001
0.995	0.001	0.003	0.001
0.001	0.001	0.997	0.001
0.001	0.001	0.997	0.001
0.001	0.001	0.997	0.001
0.001	0.001	0.001	0.997
0.001	0.001	0.997	0.001
0.001	0.001	0.001	0.997
>TGCAAAAGCT	23-TGCAAAAGCT	10.296193	-92.701473	0	T:43.0(0.15%),B:2.3(0.01%),P:1e-40	Tpos:47.0,Tstd:34.4,Bpos:8.0,Bstd:0.0,StrandBias:-0.3,Multiplicity:1.00
0.100	0.100	0.100	0.700
0.100	0.100	0.700	0.100
0.100	0.700	0.100	0.100
0.700	0.100	0.100	0.100
0.700	0.100	0.100	0.100
0.700	0.100	0.100	0.100
0.700	0.100	0.100	0.100
0.100	0.100	0.700	0.100
0.100	0.700	0.100	0.100
0.100	0.100	0.100	0.700
>NGACGTACCN	24-NGACGTACCN	6.312343	-72.090771	0	T:46.0(0.16%),B:4.0(0.01%),P:1e-31	Tpos:50.1,Tstd:25.0,Bpos:77.6,Bstd:20.4,StrandBias:-0.2,Multiplicity:1.33
0.219	0.306	0.247	0.228
0.154	0.155	0.530	0.161
0.548	0.147	0.157	0.148
0.140	0.603	0.131	0.126
0.125	0.126	0.586	0.163
0.152	0.175	0.155	0.518
0.532	0.169	0.154	0.145
0.149	0.570	0.146	0.135
0.136	0.546	0.172	0.146
0.242	0.236	0.262	0.260
>GAATGGCTTT	25-GAATGGCTTT	7.540748	-64.022368	0	T:71.0(0.25%),B:13.2(0.05%),P:1e-27	Tpos:50.4,Tstd:28.5,Bpos:64.3,Bstd:12.0,StrandBias:0.4,Multiplicity:1.00
0.130	0.132	0.606	0.132
0.614	0.134	0.146	0.106
0.575	0.142	0.155	0.128
0.144	0.132	0.137	0.587
0.106	0.141	0.627	0.126
0.135	0.127	0.634	0.104
0.101	0.650	0.131	0.118
0.140	0.152	0.151	0.557
0.132	0.146	0.167	0.555
0.132	0.132	0.141	0.595
