>TATGCAAATG	1-TATGCAAATG	6.958753	-2051.154028	0	T:2400.0(8.58%),B:457.9(1.69%),P:1e-890	Tpos:50.4,Tstd:25.4,Bpos:49.1,Bstd:30.0,StrandBias:-0.0,Multiplicity:1.09
0.111	0.067	0.051	0.771
0.977	0.002	0.016	0.005
0.018	0.001	0.001	0.980
0.002	0.001	0.948	0.049
0.001	0.854	0.016	0.129
0.854	0.001	0.001	0.144
0.984	0.001	0.001	0.014
0.996	0.001	0.002	0.001
0.001	0.006	0.001	0.992
0.042	0.067	0.798	0.093
>CCCYCTGSTG	2-CCCYCTGSTG	8.381051	-1602.326903	0	T:2052.0(7.33%),B:426.8(1.57%),P:1e-695	Tpos:49.3,Tstd:23.1,Bpos:49.8,Bstd:27.0,StrandBias:0.1,Multiplicity:1.02
0.001	0.997	0.001	0.001
0.001	0.941	0.001	0.057
0.347	0.593	0.033	0.027
0.001	0.492	0.001	0.506
0.001	0.997	0.001	0.001
0.001	0.001	0.001	0.997
0.308	0.001	0.521	0.170
0.001	0.434	0.428	0.137
0.001	0.323	0.001	0.675
0.001	0.001	0.946	0.052
>CCCGCCCMCT	3-CCCGCCCMCT	6.207577	-1195.017785	0	T:6722.0(24.02%),B:3584.0(13.21%),P:1e-518	Tpos:50.4,Tstd:25.6,Bpos:50.3,Bstd:29.4,StrandBias:-0.0,Multiplicity:1.17
0.213	0.614	0.001	0.172
0.313	0.592	0.094	0.001
0.001	0.997	0.001	0.001
0.231	0.001	0.549	0.219
0.001	0.997	0.001	0.001
0.001	0.997	0.001	0.001
0.001	0.745	0.001	0.253
0.324	0.458	0.006	0.211
0.001	0.570	0.087	0.342
0.163	0.265	0.143	0.429
>CCCTCCCCCA	4-CCCTCCCCCA	8.318972	-1055.125845	0	T:1287.0(4.60%),B:253.0(0.93%),P:1e-458	Tpos:49.4,Tstd:23.8,Bpos:52.1,Bstd:28.4,StrandBias:-0.0,Multiplicity:1.05
0.057	0.880	0.015	0.048
0.097	0.901	0.001	0.001
0.081	0.793	0.001	0.125
0.016	0.001	0.001	0.982
0.001	0.997	0.001	0.001
0.001	0.988	0.002	0.009
0.001	0.967	0.001	0.031
0.007	0.989	0.003	0.001
0.004	0.992	0.001	0.003
0.765	0.057	0.043	0.135
>CYWTTGTYHT	5-CYWTTGTYHT	6.997514	-1014.135934	0	T:3984.0(14.24%),B:1795.9(6.62%),P:1e-440	Tpos:50.3,Tstd:26.4,Bpos:50.4,Bstd:27.4,StrandBias:-0.0,Multiplicity:1.13
0.001	0.524	0.269	0.206
0.007	0.558	0.001	0.434
0.517	0.001	0.014	0.468
0.001	0.001	0.001	0.997
0.001	0.001	0.001	0.997
0.080	0.001	0.918	0.001
0.027	0.001	0.001	0.971
0.177	0.251	0.200	0.373
0.265	0.263	0.146	0.326
0.240	0.158	0.171	0.431
>NGCCATTRGC	6-NGCCATTRGC	5.548098	-655.082363	0	T:4836.0(17.28%),B:2764.7(10.19%),P:1e-284	Tpos:50.3,Tstd:26.5,Bpos:49.3,Bstd:29.2,StrandBias:-0.1,Multiplicity:1.10
0.261	0.179	0.270	0.291
0.217	0.175	0.540	0.068
0.013	0.751	0.001	0.235
0.001	0.724	0.001	0.274
0.997	0.001	0.001	0.001
0.388	0.001	0.001	0.610
0.001	0.001	0.001	0.997
0.446	0.023	0.413	0.118
0.372	0.077	0.550	0.001
0.226	0.497	0.087	0.190
>CTTTGATTGG	7-CTTTGATTGG	6.077696	-599.904521	0	T:4475.0(15.99%),B:2559.0(9.43%),P:1e-260	Tpos:50.1,Tstd:25.5,Bpos:49.4,Bstd:29.3,StrandBias:-0.0,Multiplicity:1.12
0.127	0.514	0.163	0.196
0.182	0.079	0.223	0.516
0.026	0.334	0.124	0.516
0.001	0.051	0.001	0.947
0.096	0.174	0.669	0.061
0.839	0.001	0.005	0.155
0.185	0.058	0.076	0.681
0.033	0.001	0.111	0.855
0.123	0.006	0.847	0.024
0.111	0.018	0.833	0.038
>AAGGTGTGAA	8-AAGGTGTGAA	9.050869	-593.219372	0	T:555.0(1.98%),B:80.9(0.30%),P:1e-257	Tpos:50.7,Tstd:27.3,Bpos:49.9,Bstd:25.6,StrandBias:0.2,Multiplicity:1.06
0.473	0.263	0.160	0.104
0.778	0.021	0.165	0.036
0.046	0.059	0.784	0.111
0.011	0.033	0.939	0.017
0.008	0.079	0.051	0.862
0.014	0.003	0.920	0.063
0.065	0.025	0.033	0.877
0.017	0.043	0.796	0.144
0.948	0.001	0.023	0.028
0.624	0.252	0.049	0.075
>TGACGTCACN	9-TGACGTCACN	6.555223	-573.785787	0	T:2410.0(8.61%),B:1101.7(4.06%),P:1e-249	Tpos:49.7,Tstd:24.0,Bpos:50.5,Bstd:32.0,StrandBias:-0.0,Multiplicity:1.06
0.078	0.119	0.059	0.744
0.063	0.049	0.588	0.300
0.811	0.027	0.124	0.038
0.035	0.832	0.010	0.123
0.094	0.084	0.819	0.003
0.085	0.070	0.001	0.844
0.110	0.802	0.085	0.003
0.783	0.008	0.106	0.103
0.107	0.539	0.099	0.255
0.210	0.255	0.272	0.263
>SAAGATGGCG	10-SAAGATGGCG	7.244969	-563.662443	0	T:1232.0(4.40%),B:391.3(1.44%),P:1e-244	Tpos:50.2,Tstd:27.3,Bpos:49.2,Bstd:26.9,StrandBias:-0.1,Multiplicity:1.02
0.125	0.372	0.307	0.195
0.589	0.044	0.049	0.318
0.741	0.156	0.070	0.033
0.186	0.165	0.540	0.109
0.860	0.058	0.065	0.017
0.097	0.030	0.212	0.661
0.001	0.023	0.889	0.087
0.200	0.017	0.686	0.097
0.025	0.874	0.015	0.086
0.143	0.048	0.711	0.098
>ATATTCATGA	11-ATATTCATGA	9.659423	-379.583878	0	T:418.0(1.49%),B:73.5(0.27%),P:1e-164	Tpos:50.1,Tstd:26.7,Bpos:43.9,Bstd:30.4,StrandBias:0.0,Multiplicity:1.11
0.811	0.007	0.032	0.150
0.001	0.020	0.004	0.975
0.997	0.001	0.001	0.001
0.001	0.001	0.012	0.986
0.040	0.001	0.070	0.889
0.043	0.947	0.001	0.009
0.997	0.001	0.001	0.001
0.026	0.036	0.001	0.937
0.070	0.019	0.910	0.001
0.968	0.010	0.007	0.015
>TACTGCCWYC	12-TACTGCCWYC	8.762440	-257.585274	0	T:166.0(0.59%),B:14.4(0.05%),P:1e-111	Tpos:45.5,Tstd:24.4,Bpos:60.1,Bstd:24.1,StrandBias:0.1,Multiplicity:1.00
0.001	0.001	0.001	0.997
0.997	0.001	0.001	0.001
0.011	0.969	0.001	0.019
0.001	0.023	0.001	0.975
0.001	0.010	0.988	0.001
0.001	0.988	0.010	0.001
0.001	0.977	0.011	0.011
0.549	0.001	0.001	0.449
0.001	0.528	0.001	0.470
0.001	0.995	0.001	0.003
>GCATAATGCG	13-GCATAATGCG	9.919589	-250.627759	0	T:115.0(0.41%),B:5.8(0.02%),P:1e-108	Tpos:55.1,Tstd:23.3,Bpos:36.4,Bstd:24.1,StrandBias:0.2,Multiplicity:1.36
0.143	0.001	0.855	0.001
0.001	0.867	0.066	0.066
0.740	0.066	0.193	0.001
0.001	0.001	0.001	0.997
0.933	0.001	0.001	0.065
0.740	0.193	0.066	0.001
0.001	0.065	0.001	0.933
0.001	0.065	0.933	0.001
0.149	0.849	0.001	0.001
0.001	0.001	0.997	0.001
>GCTAATGTTC	14-GCTAATGTTC	9.930244	-228.937486	0	T:83.0(0.30%),B:2.6(0.01%),P:1e-99	Tpos:48.7,Tstd:17.7,Bpos:78.1,Bstd:18.5,StrandBias:0.2,Multiplicity:1.00
0.021	0.001	0.977	0.001
0.001	0.997	0.001	0.001
0.001	0.001	0.001	0.997
0.994	0.001	0.001	0.004
0.990	0.008	0.001	0.001
0.001	0.001	0.001	0.997
0.001	0.001	0.997	0.001
0.001	0.001	0.001	0.997
0.001	0.001	0.020	0.978
0.001	0.984	0.014	0.001
>AGAAGAAGAA	15-AGAAGAAGAA	8.873933	-189.179804	0	T:305.0(1.09%),B:77.6(0.29%),P:1e-82	Tpos:48.8,Tstd:25.4,Bpos:48.6,Bstd:24.3,StrandBias:-0.2,Multiplicity:1.04
0.808	0.190	0.001	0.001
0.061	0.079	0.859	0.001
0.997	0.001	0.001	0.001
0.979	0.019	0.001	0.001
0.001	0.001	0.997	0.001
0.997	0.001	0.001	0.001
0.972	0.026	0.001	0.001
0.001	0.001	0.997	0.001
0.949	0.001	0.001	0.049
0.906	0.001	0.092	0.001
>GGTCTTTGTC	16-GGTCTTTGTC	11.370798	-175.734132	0	T:90.0(0.32%),B:5.9(0.02%),P:1e-76	Tpos:52.2,Tstd:17.7,Bpos:58.3,Bstd:17.0,StrandBias:-0.2,Multiplicity:1.01
0.001	0.001	0.997	0.001
0.001	0.001	0.997	0.001
0.001	0.001	0.085	0.913
0.001	0.997	0.001	0.001
0.001	0.001	0.001	0.997
0.001	0.001	0.001	0.997
0.001	0.001	0.001	0.997
0.001	0.001	0.997	0.001
0.001	0.001	0.001	0.997
0.001	0.997	0.001	0.001
>CCAACCCCCA	17-CCAACCCCCA	10.217943	-159.036311	0	T:230.0(0.82%),B:53.4(0.20%),P:1e-69	Tpos:48.5,Tstd:26.4,Bpos:55.7,Bstd:29.0,StrandBias:-0.2,Multiplicity:1.01
0.001	0.900	0.001	0.098
0.069	0.918	0.001	0.012
0.930	0.001	0.001	0.068
0.997	0.001	0.001	0.001
0.001	0.997	0.001	0.001
0.001	0.997	0.001	0.001
0.001	0.910	0.088	0.001
0.001	0.997	0.001	0.001
0.001	0.995	0.002	0.002
0.829	0.001	0.038	0.132
>AATAAAAGTC	18-AATAAAAGTC	9.223445	-142.924267	0	T:158.0(0.56%),B:28.5(0.11%),P:1e-62	Tpos:51.4,Tstd:28.4,Bpos:44.1,Bstd:26.4,StrandBias:0.1,Multiplicity:1.01
0.997	0.001	0.001	0.001
0.934	0.001	0.064	0.001
0.001	0.002	0.041	0.956
0.997	0.001	0.001	0.001
0.966	0.031	0.001	0.002
0.933	0.001	0.065	0.001
0.929	0.014	0.056	0.001
0.001	0.001	0.997	0.001
0.041	0.001	0.090	0.868
0.001	0.997	0.001	0.001
>CCCACAATKC	19-CCCACAATKC	11.808438	-136.482712	0	T:90.0(0.32%),B:8.9(0.03%),P:1e-59	Tpos:49.9,Tstd:23.9,Bpos:53.9,Bstd:25.2,StrandBias:-0.0,Multiplicity:1.01
0.001	0.997	0.001	0.001
0.001	0.997	0.001	0.001
0.001	0.997	0.001	0.001
0.531	0.234	0.234	0.001
0.001	0.997	0.001	0.001
0.997	0.001	0.001	0.001
0.997	0.001	0.001	0.001
0.001	0.001	0.001	0.997
0.001	0.001	0.437	0.561
0.001	0.997	0.001	0.001
>TGCGCATGCG	20-TGCGCATGCG	9.571532	-134.825335	0	T:286.0(1.02%),B:89.3(0.33%),P:1e-58	Tpos:48.2,Tstd:23.7,Bpos:41.7,Bstd:34.7,StrandBias:0.0,Multiplicity:1.01
0.001	0.159	0.089	0.751
0.104	0.001	0.894	0.001
0.044	0.954	0.001	0.001
0.001	0.001	0.997	0.001
0.025	0.973	0.001	0.001
0.934	0.064	0.001	0.001
0.001	0.001	0.001	0.997
0.007	0.001	0.991	0.001
0.001	0.997	0.001	0.001
0.001	0.001	0.972	0.026
>ACGCTGAATG	21-ACGCTGAATG	10.963909	-125.692269	0	T:104.0(0.37%),B:13.2(0.05%),P:1e-54	Tpos:60.6,Tstd:21.7,Bpos:68.0,Bstd:0.0,StrandBias:-2.0,Multiplicity:1.00
0.997	0.001	0.001	0.001
0.001	0.997	0.001	0.001
0.001	0.001	0.997	0.001
0.001	0.727	0.001	0.271
0.001	0.001	0.307	0.691
0.076	0.001	0.542	0.381
0.997	0.001	0.001	0.001
0.786	0.001	0.001	0.212
0.001	0.001	0.001	0.997
0.001	0.001	0.997	0.001
>GCATAGTAAT	22-GCATAGTAAT	7.608218	-121.341170	0	T:65.0(0.23%),B:4.6(0.02%),P:1e-52	Tpos:52.5,Tstd:30.3,Bpos:73.3,Bstd:11.5,StrandBias:-0.5,Multiplicity:1.02
0.001	0.001	0.997	0.001
0.001	0.997	0.001	0.001
0.996	0.001	0.002	0.001
0.001	0.001	0.001	0.997
0.997	0.001	0.001	0.001
0.001	0.001	0.997	0.001
0.001	0.001	0.001	0.997
0.996	0.001	0.002	0.001
0.991	0.007	0.001	0.001
0.007	0.001	0.001	0.991
>GTAAAGCRAT	23-GTAAAGCRAT	9.738624	-121.341170	0	T:65.0(0.23%),B:4.1(0.02%),P:1e-52	Tpos:52.9,Tstd:26.7,Bpos:79.6,Bstd:9.1,StrandBias:-0.1,Multiplicity:1.00
0.001	0.001	0.997	0.001
0.038	0.001	0.001	0.960
0.997	0.001	0.001	0.001
0.997	0.001	0.001	0.001
0.997	0.001	0.001	0.001
0.001	0.001	0.997	0.001
0.001	0.997	0.001	0.001
0.436	0.001	0.562	0.001
0.997	0.001	0.001	0.001
0.001	0.001	0.001	0.997
>CGATCAACAG	24-CGATCAACAG	11.858332	-86.380736	0	T:41.0(0.15%),B:2.5(0.01%),P:1e-37	Tpos:55.2,Tstd:23.4,Bpos:36.8,Bstd:21.7,StrandBias:-0.5,Multiplicity:1.00
0.314	0.684	0.001	0.001
0.001	0.001	0.997	0.001
0.997	0.001	0.001	0.001
0.001	0.001	0.001	0.997
0.001	0.997	0.001	0.001
0.859	0.001	0.001	0.139
0.997	0.001	0.001	0.001
0.001	0.592	0.001	0.406
0.859	0.001	0.139	0.001
0.001	0.001	0.997	0.001
>ATAGCCATTC	25-ATAGCCATTC	10.258660	-68.011667	0	T:68.0(0.24%),B:11.0(0.04%),P:1e-29	Tpos:54.9,Tstd:26.4,Bpos:56.2,Bstd:11.2,StrandBias:-0.2,Multiplicity:1.00
0.891	0.107	0.001	0.001
0.168	0.001	0.001	0.830
0.997	0.001	0.001	0.001
0.107	0.001	0.891	0.001
0.001	0.891	0.107	0.001
0.007	0.917	0.001	0.075
0.997	0.001	0.001	0.001
0.001	0.001	0.107	0.891
0.108	0.108	0.001	0.783
0.107	0.891	0.001	0.001
